
strategic_region={
	id=204
	name="STRATEGICREGION_204"
	provinces={
		941 986 1432 1562 1651 1862 3784 3840 4518 4521 4607 4727 4736 4816 6694 6699 6861 6876 6881 7517 7667 7756 7827 7879 7986 9814 9855 9911 10387 10422 10483 10591 11757 11763 11795 11859 11876 12134 12303 12374 12399 13304 13323 13344 13345 13346 13347 13348 13349 13350 13357 13358 13359 13360 13361 13362 13363 13364 13365 13366 13367 13368 13369 13370 13371 13372 13373 13374 13375 13376 13377 13378 13380 13381 
	}
	weather={
	}
}
